,channel
1106887,Abadartist
1106888,Benice2403
1106889,nehashandmade
1106890,ATravelerOfWorlds
1106892,Creative_idea.
1106893,Markanime
1106895,bloodreign1360
1106896,RegalRobot
1106899,TodericaArt
1106900,creedxdesign
1106901,tiktakprodukcion
1106902,jduke.illustrations
1106903,Insightedit
1106905,ArtCookie
1106907,FDesigning
1106908,holdencrouthamel8137
1106909,Chommang
1106910,brushforge1146
1106912,akaishafunshow3918
1106913,MichaelWilliams-star-trek
1106914,mven
1106918,arcanehivegames171
1106920,danmarcquee197
1106921,whatisartwithoutfreedom1560
1106923,tahniyatharts8018
1106924,SurenSargsyan
1106925,blenderspace278
1106926,Moonlight14896
1106928,OnonnasArtStudio
1106930,garundt
1106931,Zircillius
1106932,logicity00
1106934,avikmukherjee6132
1106935,phoerens
1106936,NIKKIKLUGHDESIGNGROUP
1106939,donaldsherman7095
1106940,ProMangoEdu
1106944,conceptartmusic
1106946,CuriousMinds-emerrb
1106947,MustafaVangol
1106948,chrisloudart
1106950,mkfan6167
1106951,rossbradley93
1106952,JeyOdin
1106953,lowresbones
1106956,ahandwithart517
1106957,AndrewSteinmanKISD
1106958,FrancisManapulArt
1106960,CornHappens
1106961,dobuscreates
1106962,sauersvirtualartroom2044
1106964,pedrofonseca5607
1106965,LurleneMc
1106966,TAICED3D
1106967,SEEstes3
1106968,inkytigerart9764
1106971,MechaSalesman
1106973,scrill4real
1106974,Meta-Gnome
1106975,AI_ARTS_AI
1106976,Gatz3D
1106979,Lunar_Academy
1106980,sree-n8r
1106982,RequiemsVoid
1106983,LoreByNightVtM
1106984,HonorOfStyle
1106986,EmberSword
1106987,gumfizz
1106988,foxburton4275
1106990,blackpenci377
1106991,saadzahid7115
1106992,robertjames2021
1106993,inspiredhomeliving
1106994,SZkorpionArts
1106995,AlterEVOStudio
1106996,imperfecsion
1106997,CGMAGUS
1106999,Vladimir_Fedchenko
1107000,entertainmentchannel3034
1107001,digitalClay
1107003,FreelanceFridge
1107005,morediversegames
1107006,stillaliveLabs
1107007,Timooee
1107008,soyleduart
1107009,amolcreation2155
1107011,Theartmaker8
1107012,ai-ytshort
1107013,BluelineDesignStudio
1107014,konradczernik6671
1107016,davide5842
1107017,LukeWellsArt
1107018,suprjamny
1107019,FilipePintoArt
1107020,Pencilspics
1107021,tonylindorock945
1107022,decodearch
1107023,tituslunter6498
1107024,voondupresents
1107025,datboywill
1107026,renanchorando8973
1107027,artbyjazib
1107028,RBshorts_897
1107029,risaa_
1107030,PEShero
1107031,pierrevankerckhoven5570
1107032,jnplcn
1107033,diybyjaz
1107034,Uhmokay2
1107036,xaafir
1107037,dancortesvfx6858
1107038,editionscaurette301
1107039,Roycycled
1107040,nobatechnology
1107041,Amlett
1107044,wegrasy8235
1107045,loreheadYT
1107046,utoysworld
1107048,PierreBenjaminZbrush
1107050,infurnull
1107051,staticwool
1107052,JimmyLDreadjim
1107053,finestgiftdesigns8063
1107055,unnaturalhistorychannel
1107056,oddysay
1107059,ShonaMary
1107060,thedragonstorychannel
1107061,3DCommunityWorks
1107062,Kickbeatart
1107063,uddiptasahariah9563
1107065,EdwardDennis
1107066,ser/kunanonk
1107067,hengruizhang6224
1107068,V1Tech
1107070,Cleostan
1107071,artofpigs7465
1107074,BollywoodpeCharchaa
1107076,JulioSalvat
1107077,gdtec1
1107078,katiemiller4295
1107079,dorisroseart
1107081,hannel/UC76R_aAw2lzBBf7N68-QFuA
1107082,perspectiveandsketchingfor8684
1107084,zartscrafts7338
1107085,geezergaldiy
1107086,VFXrockeY
1107087,PaintShopPhotoPro
1107088,ClaymoreConcepts
1107089,Roachkoach
1107093,RomeckArt
1107095,jaronmitchell
1107096,amateur_artisan05
1107097,nacho_cossio
1107098,kleoarchangel
1107099,JohnMalcolm
1107102,ProfessionallyIncorrect
1107103,Ann-01
1107107,daraghobrienart
1107108,skillpalette2025
1107109,MyKindaArt
1107110,MUSICALPICSHOTS
1107111,hannel/UCEwGXHIb-L7VSRBahTPSVyA
1107112,DarkEdgeTV
1107113,mrizzod
1107114,CodyJensen
1107115,ksodien
1107116,infinityfx19
1107117,Spekee
1107118,leocao1067
1107119,Girl_Delinquent
1107120,westdevonartworkshops8502
1107121,pixelfederationcom
1107122,sutinahsafar3925
1107126,ShirleyFang18
1107127,edwardbarons522
1107130,JurassicOutpost
1107131,Fusionlightingbr
1107134,NaMuNaOpYaR
1107135,theshaggysabersmith
1107136,lighting-forest
1107137,craftsformeofficial
1107138,JDMations
1107139,EARTHPLANET
1107141,AdityaBasuGamingForLife
1107142,nirajpancholi9197
1107144,asinjuasflora
1107145,scribbledoodle793
1107146,AhlquistMediaLab
1107147,karnakvt
1107148,ProjectGains
1107150,dipsyarthack
1107151,Cody-ng4cq
1107152,WorldBuildingAcademy
1107153,AutoMotiveMaster
1107157,TheCRYER
1107158,EmilyMackeyArt
1107159,thyagoramon
1107160,visual_alchemy
1107161,TetErten
1107163,bodybuildingmotivation8657
1107164,sup.worlds
1107165,Luxury_Starss
1107167,samuelderoubaixart
1107173,VRPlayground
1107174,DanniToniNails
1107176,WitnessMyMinis
1107177,LiamJonesArtist
1107178,SCULPFUNReal
1107179,inAmixT
1107180,VladPluzhnikov
1107181,freshcake2322
1107182,thejohnhughesinstitute9675
1107183,TechBites0
1107187,SoulnyArt
1107190,illustratingwithgraham
1107191,DidierHG
1107192,ctrlartdel7453
1107193,fstarno
1107194,BeeDesign7
1107196,HenryJohnsonCS
1107197,hypotheticalheaven6846
1107198,jebtheboxsmith
1107199,davidberbece2703
1107201,bleakvisions655
1107202,scarld9763
1107203,AiFutureCars
1107204,moinvfx8072
1107205,IndieRu
1107207,JohnWallinLiberto_art
1107208,NailWorlds
1107209,BrunoEspozel
1107210,PFXCreative
1107211,brownbearanimation
1107213,nuitdesideescanada5939
1107214,OrigamiCreations
1107215,3dz_world
1107216,blairmirth6328
1107217,toddbonitafineart1584
1107218,morgsm.
1107219,EarnerWear
1107220,yayenstudio
1107221,makeithappenwithjayinZBrush
1107222,RajuSNair
1107223,Theorymus
1107224,igorzabelassociation223
1107226,BobKnox
1107227,lifeoflivinglavish8653
1107228,cbrown5913
1107229,paulbirchmore5851
1107230,mamedoffcreativebrothers4267
1107231,missxrayvisionspropstylist6081
1107232,Classic_Car_Facts
1107233,giangian1232
1107237,bicolanangtagagoatv3186
1107238,m_jasionowski
1107239,velvetmedia01
1107242,Livina_Chan
1107243,HistoriesInMotion
1107244,zhulimath
1107245,anzelrossouw9251
1107246,cinematicstyle3384
1107248,LokaVision
1107249,luiscarrasco9292
1107251,Armaturenine
1107252,greenforestartstudio
1107253,windelingswindle6452
1107255,samharry5749
1107256,NickDavisAltworld
1107257,retrocarchannel
1107259,Argadeux
1107260,SmileOnblog
1107261,Dreamstationproductions
1107262,NinoSurfista
1107263,spacearenabuildandfight
1107264,jamiethomas18
1107266,SerAguedoAreniegotitochoyvlog
1107268,kirlas7649
1107269,saphrosphere383
1107270,aretaanimationacademy9995
1107271,fic_TECH
1107272,ontyj
1107273,isk-channel3672
1107274,clairemariano3
1107275,deleuzephilosophy
1107278,magdalenakugel7265
1107279,ZacVFX
1107280,katyagudkina1459
1107281,9-Times
1107284,DianePascual_thegypsygoddess
1107288,rogerharsh
1107289,MrSquibblenuts
1107292,frankenmedia6984
1107294,bkcreative6458
1107295,B-RusSpace
1107296,ImperfectPaintings
1107298,EditArchive
1107299,kevinlogue7029
1107300,o_Guizinn_ofc
1107301,graphic-evolution-Art
1107302,Jay_Senghani
1107303,geospooky
1107304,TheUltra64
1107305,pdlh1998
1107306,SrimantaVFX
1107307,Hashmakeslogo
1107308,xavieryabutart
1107309,AIArtContentCreator
1107310,RyanKittleson
1107312,luclenders
1107313,mjsculpts8859
1107314,dhilipanm4454
1107316,pedrodeelizalde7812
1107319,3denvironmentdesigns77
1107320,etheriondesigns
1107322,kieraningramart
1107323,EricNeok
1107324,adamkanovsky2961
1107325,Sublight_Drive
1107326,sebastienhue4558
1107327,pauldobson6314
1107328,alansmitheeart
1107329,konraddobson
1107330,sada-chan9138
1107331,justintransit
1107332,joshblackart
1107334,UArtsy
1107335,EpicUnrealTournament
1107336,kayokayed1327
1107337,ilamushie7860
1107341,clareynzmasudog174
1107344,georguebler6029
1107346,KarenRiceArt
1107348,lloydallan9750
1107353,WarnerBlackAnim
1107354,ryanpaints6014
1107355,gdaeon8542
1107357,PixelWarriorsOnline
1107358,cinnamontography94
1107360,ArtistRahilJindran
1107363,adrianmassenburg
1107364,kapradfilms297
1107366,ledenko
1107367,thetheoryhub1208
1107368,Eversunshine
1107369,thelightdreams
1107370,Kstockfree
1107371,lidemfrance
1107372,carl3d
1107373,varunartz9309
1107374,lukaszkataoka8717
1107375,HenryKellyGameArt
1107377,asklearngrow
1107378,florian.coudray
1107379,_sidart
1107380,BernhardvanderhorstArt
1107381,JuhaniJokinen
1107382,glorycollectibles
1107383,peggychungart
1107384,sebsorsomethin
1107385,XaKu
1107386,popkusa3d
1107387,GrowingBolder
1107388,vmokry
1107390,cybersurfer614
1107391,dsb.artwork
1107392,jason14306
1107393,TomasMcAdam
1107395,therealjunhalee8323
1107397,stardrive007
1107398,markpagedesignarttutorials6237
1107400,ArtisticPhenom
1107401,ainazfazlfarhadi
1107403,Tanalieku
1107404,AWEMilwaukee
1107406,RenjithaAnoop
1107407,GreatArtsJk
1107408,MillionsAgency
1107409,AnnaBucciarelli
1107410,mary_amini
1107412,user-hp8cf8xq4u
1107413,Barista_NewZealand
1107414,aixart1719
1107415,mikecallahanartclass2528
1107416,children_of_the_craft
1107417,scottcantrell7826
1107418,BrandonDayton
1107420,dges2003
1107421,designersplayground7508
1107422,bondiatube
1107424,TyrellzArt
1107425,fractalife
1107426,ReelRats07
1107427,ujjwalclassesinfo
1107428,Ashzoi
1107430,CrazyArtMine
1107431,executivedictionary4020
1107432,Ricardo28roi
1107434,anthonyzstudio
1107435,MohanPugalenthiarts
1107436,originalfanart9449
1107440,exabytes18
1107441,GiacomoCastellanoVideomaking
1107444,DragonsTrace
1107445,CurtCoMedia
1107446,DEXTERSTUDIOSOfficial
1107449,tosh913
1107451,ugh-asif.artpod
1107453,artjam5473
1107454,NationalQuiltersCircle
1107456,CARINSIGHTREVIEW
1107457,simontrickfilmer
1107458,rahulpal1412
1107459,TakerlamaCosplay
1107460,artwithly
1107461,moxiesg
1107462,GregHops
1107464,anime-nation
1107465,artbondingmy
1107466,rozgok
1107469,xMLPxApe
1107470,penserconcept9760
1107471,Theartstory2024
1107472,Mikandii
1107474,bynickart
1107475,hramunro4199
1107477,bonfirevn
1107480,BarrettBiggers
1107482,tarba2ha-885
1107483,motionsam
1107484,FIG16
1107485,elsisem9302
1107486,aleximusmagnus
1107487,Maja_Miron
1107488,Cvillemac
1107490,miniaturethings9616
1107491,YongChen
1107492,KenOttmann
1107493,ArtistryYoutube
1107495,JackBohmArt
1107499,LouisWeegee
1107501,ThePainting
1107502,kedellaviz7290
1107504,ISethirothI
1107505,jeremiahpatterson3881
1107506,yragassius
1107507,ExitMothership
1107508,ribinrinus1229
1107509,tiscat3536
1107510,growwithpeter
1107512,Zarakhan-mi9wn
1107513,InvisibleprintstudioCoUk
1107514,miidnova3122
1107517,TheAmrinderGoraya
1107519,jamsketch
1107521,sketchdesigncraft
1107522,alejandroagreyes
1107523,Dlinksart
1107524,TinyHouseGiantJourney
1107525,zakawatercolor7619
1107527,natecastronovo
1107528,dumrobot1807
1107529,paulcamell713
1107531,eteportraits
1107532,crossedoutpebz
1107534,sbaron1153
1107535,RahulPurkait-xk3lw
1107536,polishculturalinstituteinl7484
1107537,faty2977
1107539,SRKDesigns
1107540,ParentsandProjects
1107541,vatsalart
1107542,vfxdevil
1107543,Inward3D
1107545,nufftalon3dstudios
1107546,marketingbydesign142
1107547,surajcraftart2583
1107548,ignacealeyashorts5123
1107551,shilangipanja2029
1107553,tatart
1107554,concept_101
1107555,showyourcreativity2692
1107556,mind_raider3658
1107558,stardanceraj4879
1107559,phannhatbc
1107560,danielberry4544
1107562,TheArtHack
1107563,cutelittletiger
1107564,PlayStationAsia
1107565,albertfletcher5092
1107567,silverstreet498
1107568,DarksealStudios
1107569,chrisz9345
1107571,artindies
1107572,evansdoodles7971
1107573,guillembaldi4224
1107574,ScampSchool101
1107575,amcstudio5167
1107576,teksynprojects2403
1107578,This_is_memyselfandI
1107580,blacktieanimations8406
1107581,willgwynn
1107582,unrealone1
1107584,orenob
1107585,farhanaifa9086
1107586,EasyPaintingbylisa
1107588,ariesara3
1107589,danimillistudio
1107590,ErnestYeo
1107591,zoombinis9889
1107593,unboxingandreview1951
1107594,christina.zh.sketch
1107595,TriciaReichertStudio
1107597,andonwww
1107598,nerd_scum
1107599,PushyMagnet
1107601,SoloQSights
1107602,puapua6274
1107603,seanjsjourdan
1107604,ershadielgazzarshorts694
1107605,rajjeetbarman8720
1107607,soypatx1
1107608,ThraceKelsick
1107610,MrAceptacion
1107611,misterconceptart3750
1107612,seanbodley
1107613,60bpm.shorts
1107614,earthwormnisticstudio6094
1107615,tisminea
1107616,unimosart4645
1107617,artby_ishu
1107618,rudacreative6693
1107619,khayalanarts2854
1107620,kritikaartandcraft4867
1107621,mda305
1107622,CestarCollegeSynStudio
1107623,alexsinclair1048
1107624,CosmicSerpentArt
1107625,TheOtherArtFairOnDemand
1107626,kieronedwards6249
1107627,InfinitePainter
1107628,jorgeramosmarquez8130
1107629,jros2721
1107630,HobbyIdeasIndia
1107631,rcax
1107633,MissAlpacaToes
1107634,pinkhavoktheartofblakehenr5811
1107635,hi.iceland
1107636,hosseinheydari7075
